> system.time(norm.table <- FSE.norm(n.vec, 2, 1e3, ncores=6))
   user  system elapsed 
   4.30    0.53 1651.32 
> norm.table
          [,1]      [,2]      [,3]      [,4]      [,5]      [,6]      [,7]      [,8]
[1,] 0.5999803 0.6185039 0.7364981 0.7813937 0.7620882 0.8164738 0.6730091 0.6753041
[2,] 0.4054068 0.4375585 0.6314335 0.6784560 0.6314793 0.6670958 0.7211411 0.7862711
[3,] 0.4012297 0.3954736 0.6898717 0.7268894 0.6843564 0.7305944 0.8202449 0.8870598
[4,] 0.4438592 0.4687666 0.6905570 0.7393305 0.6638032 0.7155794 0.7931354 0.8608553
[5,] 0.4953237 0.5131378 0.7352628 0.7917626 0.7025112 0.7595201 0.8205477 0.8960471
> 
> system.time(t5.table <- FSE.t(n.vec, 2, df=5, 1e3, ncores=6))
   user  system elapsed 
   4.64    0.69 1625.10 
> t5.table
          [,1]      [,2]     [,3]     [,4]     [,5]     [,6]      [,7]      [,8]
[1,] 0.8406874 0.8520227 1.026232 1.057826 1.010670 1.030003 0.9682111 0.9859949
[2,] 0.8637889 0.9147865 1.215367 1.271236 1.036645 1.047394 1.1120779 1.1402108
[3,] 1.0759185 1.1216945 1.837695 1.939783 1.352048 1.354698 1.7320030 1.7728921
[4,] 1.1205755 1.1501801 1.624236 1.788255 1.267799 1.378918 1.6112749 1.7710019
[5,] 1.3091206 1.3348816 1.886491 1.987375 1.497241 1.556915 1.8984836 1.9786107
> 
> system.time(t6.table <- FSE.t(n.vec, 2, df=6, 1e3, ncores=6))
   user  system elapsed 
   4.56    0.72 1642.22 
> t6.table
          [,1]      [,2]      [,3]      [,4]      [,5]      [,6]      [,7]      [,8]
[1,] 0.7441233 0.7904914 0.8785555 0.9178996 0.8637269 0.8933944 0.8228571 0.8336235
[2,] 0.7822284 0.7948604 1.0974092 1.1585294 0.9299536 0.9659689 1.1221356 1.2016119
[3,] 0.7279114 0.7260972 1.2457151 1.3031129 1.0429914 1.0647034 1.1837678 1.2495149
[4,] 0.8943371 0.9214585 1.3134233 1.4186091 1.0600164 1.1371351 1.3372797 1.4576585
[5,] 1.2041402 1.2112591 1.7819351 1.8297594 1.4809371 1.5295212 1.8383387 1.8984748
> 
> system.time(t10.table <- FSE.t(n.vec, 2, df=10, 1e3, ncores=6))
   user  system elapsed 
   5.00    0.60 1671.32 
> t10.table
          [,1]      [,2]      [,3]      [,4]      [,5]      [,6]      [,7]      [,8]
[1,] 0.6831715 0.6979862 0.7690957 0.7963604 0.7700180 0.7852855 0.7468024 0.7513054
[2,] 0.5689729 0.5841846 0.9107477 0.9755771 0.8317710 0.8586025 0.8343198 0.8618829
[3,] 0.5902691 0.6306923 0.9034563 0.9526376 0.8278127 0.8657574 0.9745224 1.0355971
[4,] 0.6336698 0.6363483 0.9296933 0.9902617 0.8673811 0.9219171 0.9962012 1.0640432
[5,] 0.6575826 0.6757771 0.9696318 1.0385405 0.9021823 0.9637306 1.0207567 1.1027573
> 
> system.time(t15.table <- FSE.t(n.vec, 2, df=15, 1e3, ncores=6))
   user  system elapsed 
   4.69    0.58 1636.11 
> t15.table
          [,1]      [,2]      [,3]      [,4]      [,5]      [,6]      [,7]      [,8]
[1,] 0.6665273 0.6664867 0.8155778 0.8521639 0.7960416 0.8144787 0.6982474 0.7413657
[2,] 0.5086960 0.5502171 0.8042783 0.8598437 0.7929292 0.8165999 0.8498205 0.8571396
[3,] 0.4872723 0.5110476 0.8140440 0.8483062 0.7634412 0.7942130 0.8646191 0.9105678
[4,] 0.5258999 0.5226248 0.8251285 0.8476068 0.7855297 0.8118374 0.9529377 0.9719247
[5,] 0.5807060 0.5865927 0.8363645 0.8920690 0.7853900 0.8418729 0.9369456 1.0098206
> 
> system.time(t25.table <- FSE.t(n.vec, 2, df=25, 1e3, ncores=6))
   user  system elapsed 
   4.65    0.72 1641.75 
> t25.table
          [,1]      [,2]      [,3]      [,4]      [,5]      [,6]      [,7]      [,8]
[1,] 0.6489943 0.6584626 0.7262616 0.7448217 0.7400310 0.7589876 0.7252866 0.7203256
[2,] 0.4411413 0.4292340 0.7171821 0.7659739 0.7238858 0.7650475 0.7567043 0.8001481
[3,] 0.4835583 0.4813745 0.7805705 0.8624321 0.7573274 0.8253523 0.8157073 0.9100659
[4,] 0.5142422 0.5414477 0.8077022 0.8697009 0.7670255 0.8266642 0.8697257 0.9318422
[5,] 0.5211117 0.5273005 0.7779346 0.8272360 0.7523321 0.8044188 0.8688801 0.9346907

> system.time(ARE.t5 <- FSE.t(1e3, 2, df=5, 1e3, ncores=6)); ARE.t5
   user  system elapsed 
   0.89    0.12 1991.33 
         [,1]     [,2]     [,3]     [,4]     [,5]    [,6]     [,7]     [,8]
[1,] 1.361568 1.411771 1.883252 1.991074 1.395369 1.48651 1.889433 2.003669